0.0 0.0 0.0
-1.049652 -2.00693 -1.15541
-1.049652 -2.00693 -1.15541
-2.939641 -3.512099 -1.737567
-4.754583 -6.197772 -1.990633
-4.754583 -6.197772 -1.990633
-5.436331 -9.483316 -2.390822
-5.436331 -9.483316 -2.390822
-5.565245 -10.907968 -2.794491
-5.733189 -11.857723 -2.970619
-4.626691 -10.803648 -2.975118
-6.129048 -10.926138 -2.677313
-1.183205 -4.151203 -3.85657
-3.353027 -2.163934 -1.138672
-2.802849 -3.595843 -1.915772
-2.355068 -9.599624 -0.731646
-2.355068 -9.599624 -0.731646
-2.355067 -9.599624 -0.731645
-1.862968 -11.279401 -4.096312
-1.862968 -11.279401 -4.096312
-2.202888 -8.904346 -4.48392
-2.202889 -8.904346 -4.48392
-2.378794 -8.167735 -3.607491
-2.515599 -7.400545 -2.855001
-2.413145 -8.369739 -2.962561
-2.420116 -7.450714 -3.713374
-0.17259 -9.564661 -0.254315
-0.17259 -9.564661 -0.254315
-0.172591 -9.564661 -0.254315
-0.012001 -10.70921 -4.388499
-0.012001 -10.70921 -4.388499
-0.517728 -8.014656 -4.659446
-0.517729 -8.014656 -4.659446
-0.79404 -7.384801 -3.651387
-1.056339 -6.625657 -2.652723
-0.890552 -7.635107 -2.866457
-0.908338 -6.578975 -3.60545
0.298445 -10.581654 -0.025167
1.746524 -8.869379 -0.652931
1.746524 -8.869379 -0.652931
1.746525 -8.869379 -0.652931
1.508545 -9.455592 -4.500875
1.508545 -9.455592 -4.500876
0.764796 -6.906525 -4.60356
0.764796 -6.906525 -4.60356
0.577711 -6.323678 -3.578482
0.367386 -5.579406 -2.597332
0.659848 -6.485701 -2.750872
0.310042 -5.593772 -3.553035
3.505406 -7.789584 -1.369119
3.505406 -7.789584 -1.369119
-2.42547 -10.016155 -2.38383
-0.061962 -9.87255 -2.064966
1.88233 -9.011188 -2.344162
3.80267 -7.670981 -2.712935
-2.192823 -9.611814 0.521866
2.063757 -8.772871 0.342693
3.734504 -7.580273 -0.413204
-0.424188 -8.176033 -2.053984
-2.514459 -3.112573 0.263203
-0.085723 -3.22587 1.390163
0.987424 -3.179338 1.272007
1.531331 -3.088745 1.056948
-1.211487 -2.388175 -3.349584
-1.211487 -2.388175 -3.349584
1.040151 -2.506731 -2.954595
1.861506 -2.455912 -2.867835
2.299857 -3.407356 -0.941984
3.505406 -7.789585 -1.369118
2.733539 -8.316637 -4.295527
2.733538 -8.316638 -4.295527
2.134847 -6.37795 -4.202903
2.134847 -6.37795 -4.202903
1.921606 -5.578545 -3.346358
1.67629 -4.838248 -2.706123
2.103401 -5.518684 -2.634078
1.610557 -5.013638 -3.481022
0.0 0.0 0.0
