0.0 0.0 0.0
-1.049652 -2.00693 -1.15541
-1.049652 -2.00693 -1.15541
-3.025897 -3.446377 -1.601446
-4.960463 -6.054645 -1.760469
-4.960463 -6.054645 -1.760469
-6.384133 -9.119356 -1.781452
-6.384133 -9.119355 -1.781452
-7.362596 -10.237516 -1.820502
-8.059008 -10.923713 -1.746961
-6.593852 -10.723409 -2.132488
-7.797986 -9.908844 -1.635178
-1.419594 -4.144053 -3.818816
-3.349345 -2.086011 -0.975429
-2.802849 -3.595843 -1.915772
-2.355068 -9.599624 -0.731646
-2.355068 -9.599624 -0.731646
-2.355067 -9.599624 -0.731645
-2.125983 -13.362351 -1.149019
-2.125983 -13.36235 -1.149019
-1.943956 -15.695761 -1.803799
-1.943956 -15.69576 -1.803799
-1.792197 -16.834433 -1.952326
-1.61937 -17.903225 -1.989059
-1.748853 -17.119852 -2.564353
-1.697735 -17.283907 -1.390109
-0.17259 -9.564661 -0.254315
-0.17259 -9.564661 -0.254315
-0.172591 -9.564661 -0.254315
0.353774 -13.726687 -1.164116
0.353775 -13.726687 -1.164117
0.703574 -16.351067 -1.925739
0.703573 -16.351067 -1.925739
0.889963 -17.551395 -2.042855
1.127805 -18.81064 -2.055655
0.910072 -18.032438 -2.718338
1.050518 -18.073259 -1.437537
0.177964 -9.821857 0.803805
1.746524 -8.869379 -0.652931
1.746524 -8.869379 -0.652931
1.746525 -8.869379 -0.652931
2.554097 -12.660856 -1.076586
2.554097 -12.660857 -1.076587
3.060118 -15.202087 -1.666116
3.060119 -15.202087 -1.666116
3.229093 -16.364944 -1.877556
3.462806 -17.590309 -1.946064
3.229115 -16.877373 -2.552356
3.388143 -16.87583 -1.31297
3.505406 -7.789584 -1.369119
3.505406 -7.789584 -1.369119
-2.42547 -10.016155 -2.38383
-0.061962 -9.87255 -2.064966
1.88233 -9.011188 -2.344162
3.80267 -7.670981 -2.712935
-2.192823 -9.611814 0.521866
2.063757 -8.772871 0.342693
3.734504 -7.580273 -0.413204
-0.424188 -8.176033 -2.053984
-2.514459 -3.112573 0.263203
-0.085723 -3.22587 1.390163
0.987424 -3.179338 1.272007
1.531331 -3.088745 1.056948
-1.211487 -2.388175 -3.349584
-1.211487 -2.388175 -3.349584
1.040151 -2.506731 -2.954595
1.861506 -2.455912 -2.867835
2.299857 -3.407356 -0.941984
3.505406 -7.789585 -1.369118
4.385576 -10.732016 -1.299571
4.385576 -10.732016 -1.29957
4.977038 -12.624075 -1.742071
4.977038 -12.624075 -1.742071
5.205456 -13.764446 -1.99813
5.419156 -14.745966 -2.093372
5.21004 -14.167862 -2.615553
5.425136 -14.177591 -1.534387
0.0 0.0 0.0
